1, 0.788705192305922, 0.825868069942819, 0.773383331952156, 0.767672163752383, 0.767635332357301, 0.715392300396858, 0.730449435098478, 0.747905214404759, 0.748029520363158, 0.712896973380109, 0.733959927442152, 0.731819102603059, 0.776665930038765, 0.712876255720376, 0.711202729206376, 0.710459195418174, 0.738743404878318, 0.738630608730882, 0.585506385643122, 0.563743635074538, 0.564052098008342, 0.59015634927212, 0.590386545491377, 0.752437777961935, 0.714897378525455, 0.755943666381223, 0.756012725247001, 0.716916199368342, 0.74803182232535, 0.725012200399621, 0.717521615424988, 0.677076139701482, 0.765768441019125, 0.710850528990912, 0.742771838715321, 0.696509304531182, 0.744024106148081, 0.733953021555574, 0.71756765466884, 0.720143550362329, 0.713051204847012, 0.71427584873346, 0.722558308702338, 0.712756553686362, 0.712671381085237, 0.732854985589717, 0.788251705753985, 0.564001454840106, 0.604833660211965, 0.56397843521818, 0.6454563870243, 0.691074371794518, 0.739466221006786, 0.747893704593796, 0.71080448974706, 0.73666933694281, 0.71694152095246, 0.761555850206716, 0.737571706122299, 0.743936631584763, 0.703951548299771, 0.733453495759786, 0.74795125364861, 0.710942607478615, 0.783238032098561, 0.744585784923068, 0.721301437345193, 0.730967376591807, 0.713635903243925, 0.749891807776949, 0.721103468596632, 0.755895325175179, 0.756341905840539, 0.734081931438358, 0.731485318085136, 0.722595140097419, 0.771746636833237, 0.712816404703369, 0.713124867637174, 0.563895564579247, 0.753107648959974, 0.710802187784868, 0.755975893851919, 0.711253372374612, 0.714093993720247, 0.756109407659089, 0.711020874193162, 0.746549358673333, 0.738287616364189, 0.738446451755476, 0.743052678102815, 0.710641050431388
0.788705192305922, 1, 0.7191606125061, 0.801672145336685, 0.835780319144038, 0.835752695597727, 0.758261742309144, 0.710668673977699, 0.720113624853825, 0.720155060173292, 0.722912810879994, 0.765167628886863, 0.726374962017624, 0.82566319530768, 0.698422235113211, 0.681822785742567, 0.689987845639623, 0.779149747244551, 0.779059970719041, 0.5967330552563, 0.575964752354907, 0.576296234910638, 0.600190602469545, 0.600342531974255, 0.741537986980102, 0.721879229855529, 0.712116608196827, 0.712213290608915, 0.770802832334282, 0.720290875942654, 0.733909284273915, 0.754387539939044, 0.705406388405477, 0.744744620314356, 0.681622515031813, 0.793513991326206, 0.699260149351307, 0.787321713028185, 0.76514691122713, 0.694835778017182, 0.698088450595287, 0.698597184239846, 0.69462860141985, 0.696175520013259, 0.695765770742981, 0.695611539276079, 0.714565895969725, 0.844914505124168, 0.576176532876624, 0.615931419942359, 0.576162721103469, 0.65674751157887, 0.708590002117805, 0.722024253473661, 0.720161966059869, 0.698390007642514, 0.699145051241678, 0.689730025874055, 0.822610793440329, 0.73737603933593, 0.781410274117658, 0.695206393930186, 0.717148697549791, 0.720118228778211, 0.681645534653739, 0.848243142454628, 0.703240241982266, 0.718808412290637, 0.713456350192904, 0.699738957487362, 0.753600268869184, 0.697791497472446, 0.71211891015902, 0.724250250913879, 0.765257405412374, 0.736174415071407, 0.74591171514599, 0.730410301741204, 0.698362384096204, 0.68783781295176, 0.576061434766995, 0.769702494406232, 0.697199893188954, 0.712176459213834, 0.681836597515722, 0.699607745642386, 0.712374427962395, 0.681733009217057, 0.7105443680193, 0.695570103956613, 0.778967892231338, 0.8111516256457, 0.697176873567029
0.825868069942819, 0.7191606125061, 1, 0.738658232277193, 0.707777409463827, 0.707763597690672, 0.701371048681896, 0.751247663508375, 0.744413137758625, 0.744592690809646, 0.704662854617276, 0.701753174405864, 0.736199736655525, 0.740849700284523, 0.724485051057521, 0.732148283196597, 0.732422216697513, 0.70621437713507, 0.706055541743782, 0.58520022467151, 0.563773560583041, 0.563861035146359, 0.589293113449905, 0.589509497896007, 0.752900472362642, 0.720378350505971, 0.75574339567047, 0.755780227065551, 0.691578501514691, 0.744668655562001, 0.722044971133394, 0.696824673351565, 0.665863281861459, 0.764062687034428, 0.731888161468836, 0.704823991970756, 0.694900232958574, 0.704368203456626, 0.701746268519286, 0.732928648379879, 0.728676924210197, 0.724738266898704, 0.73027218400965, 0.73973785254551, 0.725631428229423, 0.725564671325838, 0.749044685690082, 0.727786064841671, 0.563980737180373, 0.604288095172325, 0.564008360726683, 0.643179746415845, 0.678194893327072, 0.772759500197969, 0.744466082889055, 0.722311998747733, 0.748324171523807, 0.740469876522748, 0.724809627726674, 0.721395817795089, 0.715081535500861, 0.714653370533042, 0.720371444619394, 0.74454204764141, 0.731952616410228, 0.723918768358149, 0.813472003535814, 0.750805686767401, 0.796815005110356, 0.733223299540528, 0.729111995064593, 0.738766424500244, 0.755731885859507, 0.752900472362642, 0.701879782326455, 0.738936769702494, 0.721975912267617, 0.771666068156497, 0.724508070679447, 0.735106304614053, 0.563920886163366, 0.72972661897001, 0.721738810161782, 0.755849285931328, 0.73225877738184, 0.726190805042218, 0.755987403662882, 0.732035487049161, 0.783392263565463, 0.802183180943436, 0.706027918197472, 0.71127869395873, 0.721559257110761
0.773383331952156, 0.801672145336685, 0.738658232277193, 1, 0.767540951907406, 0.767467289117243, 0.750798780880823, 0.744346380855041, 0.770494369400477, 0.77059565573695, 0.710394740476782, 0.755388893492813, 0.734464057162325, 0.780420430374852, 0.719176726241448, 0.697826026905334, 0.715677743708737, 0.75151238916052, 0.751367365542388, 0.597087557433957, 0.576719795954071, 0.576913160778247, 0.600793716563999, 0.601152822666041, 0.772002154636612, 0.734098045173706, 0.747009751111848, 0.747161680616558, 0.755623693636456, 0.770634789094224, 0.734466359124518, 0.725327569220003, 0.708642947248234, 0.780263896945757, 0.697565905177573, 0.758933915269376, 0.702749924035248, 0.764675008977653, 0.755340552286769, 0.728490465272598, 0.717751811644246, 0.719291824351077, 0.729613822822574, 0.728983085181809, 0.72144185703894, 0.721453366849903, 0.754408257598777, 0.785657394362955, 0.576821082290544, 0.616824581273077, 0.576931576475788, 0.653483329189801, 0.697347218769279, 0.754279347715993, 0.770547314530906, 0.718495345432447, 0.739779287864976, 0.713500087474563, 0.766825041665516, 0.7547420421167, 0.763372098376656, 0.711366168522048, 0.720643076158117, 0.770600259661335, 0.697657983665276, 0.792342292570187, 0.733465005570748, 0.725686675322045, 0.744749224238741, 0.728085319926706, 0.749452132998168, 0.725461083027172, 0.7469936373765, 0.751017467289117, 0.755524709262175, 0.764166275333094, 0.742044418662468, 0.759783339318435, 0.71908004382936, 0.703799618795061, 0.576770439122308, 0.780793348250048, 0.71758607036638, 0.74707420605324, 0.697904293619882, 0.708590002117805, 0.747304402272497, 0.697704022909128, 0.74558944043903, 0.728363857352007, 0.751344345920463, 0.784075946336657, 0.717526219349373
0.767672163752383, 0.835780319144038, 0.707777409463827, 0.767540951907406, 1, 0.99748625728571, 0.764345828384115, 0.699570914247304, 0.714641860722079, 0.714720127436627, 0.730134066278095, 0.766951649586107, 0.72822343765826, 0.819818513300738, 0.703033065384934, 0.67900748598105, 0.688139369998987, 0.760653481027228, 0.760559100577332, 0.606366767032218, 0.585013765733912, 0.585248565877554, 0.608963380385441, 0.609184368755928, 0.734643610213346, 0.713530012983067, 0.70330699888585, 0.703417493071094, 0.782752318075928, 0.714800696113367, 0.732802040459288, 0.737069878364318, 0.706605710707807, 0.728900214542876, 0.678738156404519, 0.773802289071204, 0.715251880703111, 0.765427750614624, 0.766912516228833, 0.690008563299356, 0.697731646455439, 0.703166579192103, 0.689589606180308, 0.693825216614642, 0.692342752962625, 0.692299015680966, 0.705710247414896, 0.815064961373074, 0.585248565877554, 0.624952809775052, 0.585294605121406, 0.666422658674254, 0.717873815640452, 0.711727576586282, 0.714699409776894, 0.698406121377863, 0.710592709225344, 0.69201587433128, 0.807802270655507, 0.740154507702365, 0.782310341334954, 0.705038074454665, 0.719218161560915, 0.714655672495235, 0.678821027043452, 0.804563409850557, 0.702487500345294, 0.725191753450641, 0.701654190031583, 0.698281815419464, 0.751696546135926, 0.699239431691574, 0.703295489074887, 0.716241724445918, 0.767064445733543, 0.72687218585122, 0.745278675543033, 0.72119094315995, 0.702950194746002, 0.688641197756968, 0.585179507011777, 0.749788219478283, 0.699066784527131, 0.703325414583391, 0.679090356619983, 0.697409371748478, 0.703546402953878, 0.678876274136074, 0.702333268878392, 0.698983913888198, 0.760425586770163, 0.780169516495861, 0.69903916098082
0.767635332357301, 0.835752695597727, 0.707763597690672, 0.767467289117243, 0.99748625728571, 1, 0.764262957745182, 0.699626161339926, 0.71450834691491, 0.714591217553843, 0.730046591714778, 0.766896402493485, 0.728076112077935, 0.819790889754427, 0.702922571199691, 0.678883180022651, 0.688084122906365, 0.760644273178457, 0.760540684879792, 0.606481865141847, 0.585087428524074, 0.585303812970176, 0.609041647099988, 0.609276447243631, 0.734680441608427, 0.713451746268519, 0.703339226356546, 0.703463532314945, 0.782724694529617, 0.714690201928123, 0.732696150198429, 0.737010027347311, 0.706564275388341, 0.728914026316032, 0.678655285765587, 0.773820704768745, 0.715072327652091, 0.765294236807455, 0.766769794572894, 0.689870445567802, 0.697634964043351, 0.70305608500686, 0.689479111995065, 0.693700910656243, 0.692232258777382, 0.692179313646953, 0.705655000322275, 0.815028129977993, 0.585308416894561, 0.625054096111526, 0.585359060062797, 0.666436470447409, 0.717869211716067, 0.711571043157187, 0.71457970774288, 0.698226568326842, 0.7104822150401, 0.691933003692347, 0.807705588243419, 0.740154507702365, 0.782319549183724, 0.704950599891347, 0.719167518392678, 0.714558990083147, 0.678719740706979, 0.804558805926171, 0.702478292496524, 0.725062843567857, 0.701617358636502, 0.698244984024382, 0.751613675496994, 0.699069086489324, 0.703336924394354, 0.716223308748377, 0.766889496606908, 0.726876789775605, 0.745140557811478, 0.721236982403801, 0.702825888787603, 0.688539911420495, 0.585239358028784, 0.749714556688121, 0.698937874644347, 0.703353038129702, 0.67900748598105, 0.69729427363885, 0.703578630424574, 0.678761176026445, 0.702314853180851, 0.698914855022421, 0.760402567148237, 0.780059022310618, 0.698910251098036
0.715392300396858, 0.758261742309144, 0.701371048681896, 0.750798780880823, 0.764345828384115, 0.764262957745182, 1, 0.698343968398663, 0.706090071176671, 0.706090071176671, 0.773275139729105, 0.861886872370008, 0.726324318849387, 0.756802298279053, 0.700489397162141, 0.672941815603621, 0.688137068036795, 0.765411636879276, 0.765340276051306, 0.608772317523457, 0.587727779158955, 0.587911936134361, 0.612653425780135, 0.612805355284845, 0.72428708230896, 0.784386711232655, 0.688268279881771, 0.688328130898778, 0.840091894330728, 0.706244302643573, 0.763526329843559, 0.736938666519341, 0.697694815060357, 0.721425743303592, 0.672709317422171, 0.79077005239266, 0.710756148541016, 0.82312182904708, 0.861806303693268, 0.695448099960406, 0.697936521090578, 0.700650534515621, 0.694739095605094, 0.700673554137547, 0.69115724243345, 0.691062861983555, 0.705997992688968, 0.749116046518052, 0.587792234100347, 0.62828835299209, 0.58787510473928, 0.670531661187997, 0.74551807961106, 0.715293316022578, 0.706156828080256, 0.694766719151405, 0.715802049667136, 0.691428873972174, 0.727954108081729, 0.791283389961603, 0.832085669824959, 0.715781332007403, 0.735739344217011, 0.706080863327901, 0.672819811607414, 0.753080025413663, 0.700127989097907, 0.725875436221835, 0.699013839396702, 0.706248906567959, 0.709738681251899, 0.701888990175225, 0.688215334751342, 0.698873419702955, 0.862018084214985, 0.723090061968822, 0.712321482831966, 0.712376729924588, 0.70044335791829, 0.680738561549865, 0.587778422327192, 0.800599430954946, 0.696550739850649, 0.688291299503697, 0.673015478393783, 0.690376877250168, 0.688503080025414, 0.672792188061103, 0.684297395099583, 0.699460420062061, 0.765358691748847, 0.794310470244837, 0.696555343775034
0.730449435098478, 0.710668673977699, 0.751247663508375, 0.744346380855041, 0.699570914247304, 0.699626161339926, 0.698343968398663, 1, 0.725801773431673, 0.725880040146221, 0.693376333987091, 0.680572820272, 0.792254818006869, 0.71544754748948, 0.763970608546725, 0.726543005257682, 0.73618592488237, 0.700397318674438, 0.700335165695239, 0.576583980184709, 0.555649936005451, 0.555829489056472, 0.580290139314752, 0.580465088441387, 0.753515096268059, 0.707701444711472, 0.869209414104583, 0.869190998407042, 0.688680331114242, 0.725937589201035, 0.758119020653205, 0.707512683811681, 0.669272487868659, 0.758853346592636, 0.726365754168854, 0.700411130447594, 0.677007080835704, 0.689324880528162, 0.680602745780503, 0.755273795383185, 0.732882609136028, 0.764191596917212, 0.753261880426876, 0.763933777151644, 0.753151386241632, 0.75299715477473, 0.765446166312164, 0.71220868668453, 0.555742014493154, 0.595561356500281, 0.555797261585776, 0.634789094223916, 0.660914063147427, 0.769663361048958, 0.725799471469481, 0.766677716085191, 0.749813541062402, 0.758036150014272, 0.698537333222839, 0.702563465097649, 0.702989328103275, 0.74447068681344, 0.704876937101185, 0.72587083229745, 0.726388773790779, 0.71805106672928, 0.744443063267129, 0.818002265130798, 0.761611097299338, 0.739100209018167, 0.725688977284237, 0.76523668775264, 0.86920711214239, 0.805484194727586, 0.68065338894874, 0.731066360966087, 0.738598381260186, 0.757773726324319, 0.764007439941806, 0.749680027255232, 0.5556038967616, 0.721621410089961, 0.767835603068055, 0.869264661197204, 0.726635083745385, 0.762573317495833, 0.869195602331427, 0.726526891522334, 0.818982901024834, 0.752463099546053, 0.700270710753847, 0.698781341215252, 0.767729712807197
0.747905214404759, 0.720113624853825, 0.744413137758625, 0.770494369400477, 0.714641860722079, 0.71450834691491, 0.706090071176671, 0.725801773431673, 1, 0.997771700597589, 0.702208962919993, 0.717673544929698, 0.716301575462925, 0.728234947469223, 0.714314982090734, 0.700510114821874, 0.717284513319153, 0.735071775181164, 0.735009622201965, 0.573142546706813, 0.552144047586162, 0.552480134066278, 0.576931576475788, 0.577124941299964, 0.743269062548917, 0.70535574523724, 0.752548272147178, 0.752663370256807, 0.697218308886495, 0.997677320147694, 0.710130014824637, 0.697165363756066, 0.672138430798413, 0.791377770411499, 0.700245389169728, 0.725758036150014, 0.685678572415127, 0.732415310810935, 0.717703470438201, 0.726363452206661, 0.719579569625148, 0.714480723368599, 0.728467445650673, 0.725244698581071, 0.715949375247461, 0.715914845814572, 0.756443192177012, 0.730437925287515, 0.552346620259109, 0.592782888133845, 0.552369639881035, 0.634464517554764, 0.67513328361095, 0.753565739436295, 0.997921328140107, 0.712238612193033, 0.891644337633399, 0.720576319254533, 0.713939762253345, 0.754161947644172, 0.728833457639292, 0.704377411305397, 0.71851606309218, 0.998080163531394, 0.700249993094113, 0.718430890491055, 0.747580637735606, 0.717104960268133, 0.763726600554313, 0.731073266852665, 0.714609633251383, 0.722408681159821, 0.752430872075357, 0.768392677918658, 0.71781856854783, 0.732431424546283, 0.72476128652063, 0.769635737502647, 0.714310378166349, 0.705728663112437, 0.552309788864028, 0.757304126037034, 0.712885463569146, 0.752571291769104, 0.700491699124334, 0.703410587184516, 0.752741636971354, 0.700392714750053, 0.74258307781553, 0.739482334742134, 0.734885316243566, 0.724731361012127, 0.712857840022835
0.748029520363158, 0.720155060173292, 0.744592690809646, 0.77059565573695, 0.714720127436627, 0.714591217553843, 0.706090071176671, 0.725880040146221, 0.997771700597589, 1, 0.702301041407696, 0.717696564551624, 0.716379842177472, 0.728359253427622, 0.714361021334586, 0.700629816855888, 0.71750550168964, 0.735140834046942, 0.735055661445816, 0.573147150631198, 0.552107216191081, 0.552457114444352, 0.576917764702633, 0.577111129526809, 0.743407180280471, 0.705443219800558, 0.752631142786111, 0.752695597727503, 0.697227516735265, 0.997645092676998, 0.710304963951272, 0.697225214773073, 0.672092391554561, 0.791442225352891, 0.700355883354972, 0.72579026362071, 0.685710799885823, 0.732383083340239, 0.717708074362587, 0.72647855031629, 0.719740706978629, 0.714549782234377, 0.72855492021399, 0.725295341749307, 0.716009226264468, 0.71601152822666, 0.756480023572093, 0.730502380228907, 0.552305184939643, 0.592736848889994, 0.552346620259109, 0.634519764647385, 0.675050412972017, 0.753611778680147, 0.997797022181708, 0.712353710302662, 0.891547655221311, 0.720696021288546, 0.714004217194737, 0.754263233980645, 0.728985387144002, 0.704446470171174, 0.718640369050579, 0.997859175160907, 0.700374299052512, 0.718499949356832, 0.747631280903842, 0.717178623058295, 0.763791055495705, 0.731248215979301, 0.714789186302404, 0.722463928252442, 0.75253215841183, 0.768443321086895, 0.717832380320986, 0.732560334429067, 0.724830345386407, 0.769764647385431, 0.714393248805282, 0.705912820087843, 0.552268353544561, 0.757460659466129, 0.71301437345193, 0.752649558483651, 0.700620609007118, 0.703544100991685, 0.752842923307828, 0.700498605010911, 0.742633720983767, 0.739532977910371, 0.734935959411803, 0.724818835575444, 0.712954522434924
0.712896973380109, 0.722912810879994, 0.704662854617276, 0.710394740476782, 0.730134066278095, 0.730046591714778, 0.773275139729105, 0.693376333987091, 0.702208962919993, 0.702301041407696, 1, 0.853977330276327, 0.720633868309347, 0.715836579100025, 0.711488172518255, 0.809240997025865, 0.760211504286254, 0.717374289844664, 0.717215454453376, 0.582608215242673, 0.56106184912019, 0.56122298647367, 0.585596162168633, 0.585900021178052, 0.700650534515621, 0.860632302975056, 0.704372807381012, 0.704400430927322, 0.792878649761056, 0.702427649328287, 0.733900076425145, 0.73769831404289, 0.662603703396775, 0.717369685920278, 0.809197259744206, 0.7391830796571, 0.681903354419307, 0.790438569836929, 0.854057898953068, 0.698316344852352, 0.749551117372448, 0.711709160888742, 0.701014244542048, 0.702464480723369, 0.696714179166321, 0.696684253657818, 0.707029271751241, 0.710056352034474, 0.561255213944366, 0.601875638794508, 0.561190759002974, 0.645205473145309, 0.735403257736895, 0.701067189672477, 0.702266511974807, 0.711833466847141, 0.721626014014346, 0.708210178356031, 0.70684051085145, 0.78186836459398, 0.767515630323288, 0.705072603887554, 0.804517370606705, 0.702255002163845, 0.80915582442474, 0.712293859285655, 0.701315801589275, 0.734489378746443, 0.70084620130199, 0.753282598086609, 0.763075145253814, 0.717482482067714, 0.704329070099353, 0.714853641243796, 0.854145373516385, 0.707409095513015, 0.720083699345322, 0.72302560702743, 0.711437529350018, 0.742168724620867, 0.561103284439656, 0.761912654346565, 0.714326491901697, 0.704414242700478, 0.809300848042872, 0.798136331408893, 0.704598399675884, 0.809298546080679, 0.692510796202683, 0.702660147509737, 0.717150999511984, 0.734132574606595, 0.714192978094528
0.733959927442152, 0.765167628886863, 0.701753174405864, 0.755388893492813, 0.766951649586107, 0.766896402493485, 0.861886872370008, 0.680572820272, 0.717673544929698, 0.717696564551624, 0.853977330276327, 1, 0.708916880749151, 0.755080430559009, 0.690765908860713, 0.665860979899266, 0.677870316657919, 0.776659024152187, 0.776601475097373, 0.586185464489931, 0.564482564938353, 0.56467592976253, 0.58961078423248, 0.589753505888419, 0.716916199368342, 0.840425678848651, 0.699234827767189, 0.69928086701104, 0.912193954126497, 0.717892231337993, 0.739834534957598, 0.741712936106737, 0.688063405246632, 0.73461138274265, 0.665628481717816, 0.809448173623196, 0.696341261291125, 0.900113256539875, 0.997378065062659, 0.684232940158191, 0.692273694096848, 0.690890214819112, 0.685443772271484, 0.689016417594357, 0.681314052098008, 0.681196652026187, 0.706439969429942, 0.744392420098892, 0.564643702291834, 0.606069813909376, 0.564611474821137, 0.651172159148458, 0.761995524985498, 0.716840234615987, 0.717694262589431, 0.68578906660037, 0.721193245122142, 0.687289945949928, 0.735182269366408, 0.845048018931337, 0.845611999668517, 0.691081277681095, 0.77658075743764, 0.717632109610232, 0.665706748432364, 0.760077990479084, 0.6983324585877, 0.721423441341399, 0.696670441884663, 0.690839571650875, 0.695475723506717, 0.684048783182785, 0.6992002983343, 0.711948564956769, 0.997355045440734, 0.717210850528991, 0.71340800898686, 0.722666500925389, 0.690669226448625, 0.674233216393654, 0.564505584560279, 0.826422842831229, 0.686896310414998, 0.699276263086655, 0.665939246613814, 0.667808439914183, 0.699465023986446, 0.665706748432364, 0.687428063681482, 0.697761571963942, 0.776481773063359, 0.81459536108579, 0.686850271171146
0.731819102603059, 0.726374962017624, 0.736199736655525, 0.734464057162325, 0.72822343765826, 0.728076112077935, 0.726324318849387, 0.792254818006869, 0.716301575462925, 0.716379842177472, 0.720633868309347, 0.708916880749151, 1, 0.735564395090375, 0.743172380136829, 0.738188631989908, 0.741607045845879, 0.714450797860096, 0.714351813485815, 0.605245711444435, 0.586107197775384, 0.586240711582553, 0.608450042816497, 0.608675635111369, 0.745543401195179, 0.720143550362329, 0.730776313729823, 0.7308453725956, 0.715541927939376, 0.716488034400523, 0.742283822730495, 0.716906991519571, 0.671461653913796, 0.738635212655267, 0.737988361279154, 0.713645111092695, 0.778792943104702, 0.702738414224285, 0.708909974862573, 0.742748819093395, 0.741448210454592, 0.743324309641538, 0.737725937589201, 0.750285443311879, 0.729586199276263, 0.729514838448293, 0.743473937184056, 0.739558299494489, 0.586171652716776, 0.62385016988481, 0.586180860565546, 0.66243796211891, 0.692462454996639, 0.737074482288703, 0.716363728442124, 0.744949494949495, 0.748872038525639, 0.737141239192287, 0.709271382926807, 0.711649309871735, 0.728119849359594, 0.735836026629099, 0.723515924974448, 0.716347614706776, 0.738062024069317, 0.739056471736508, 0.72388423892526, 0.790551365984365, 0.72262276364373, 0.737219505906835, 0.742090457906319, 0.751846173678444, 0.730760199994475, 0.733407456515934, 0.708960618030809, 0.729899266134453, 0.724779702218171, 0.733927699971456, 0.743176984061214, 0.740354778413119, 0.586005911438911, 0.718258243326612, 0.745343130484425, 0.730872996141911, 0.738317541872692, 0.781410274117658, 0.731006509949081, 0.738085043691242, 0.733789582239901, 0.725560067401453, 0.714227507527416, 0.710307265913465, 0.745274071618648
0.776665930038765, 0.82566319530768, 0.740849700284523, 0.780420430374852, 0.819818513300738, 0.819790889754427, 0.756802298279053, 0.71544754748948, 0.728234947469223, 0.728359253427622, 0.715836579100025, 0.755080430559009, 0.735564395090375, 1, 0.707703746673665, 0.696500096682412, 0.701750872443671, 0.750568584661566, 0.7504649963629, 0.596139149010617, 0.574555951493053, 0.574799959485465, 0.59908566061711, 0.599453974567922, 0.751523898971483, 0.720544091783836, 0.7156892535197, 0.715785935931788, 0.764960452289532, 0.728412198558051, 0.734245370754031, 0.732164396931945, 0.69747382668987, 0.768597552553797, 0.696230767105881, 0.760697218308886, 0.699720541789822, 0.75844589928455, 0.755142583538208, 0.712699004631548, 0.7096765282727, 0.707906319346611, 0.705922027936613, 0.716170363617948, 0.709724869478744, 0.709621281180078, 0.722355736029391, 0.820891227682477, 0.574790751636695, 0.615134941023729, 0.574827583031776, 0.655292671473164, 0.695708221688167, 0.722245241844148, 0.72837536716297, 0.705691831717356, 0.717298325092309, 0.703132049759215, 0.790166938298205, 0.745193502941908, 0.767340681196652, 0.699326906254892, 0.71474084509636, 0.728248759242378, 0.696258390652192, 0.796241816524405, 0.73035275268639, 0.722164673167408, 0.720988370487003, 0.711667725569275, 0.759401213594468, 0.717906043111148, 0.715668535859967, 0.726091820667937, 0.755225454177141, 0.729618426746959, 0.729457289393479, 0.743107925195437, 0.707699142749279, 0.697036453873282, 0.574735504544073, 0.756673388396269, 0.704911466534074, 0.715744500612322, 0.696546135926264, 0.714496837103947, 0.715891826192647, 0.696309033820429, 0.722818430430099, 0.71882912995037, 0.750386729648352, 0.768178595434749, 0.704916070458459
0.712876255720376, 0.698422235113211, 0.724485051057521, 0.719176726241448, 0.703033065384934, 0.702922571199691, 0.700489397162141, 0.763970608546725, 0.714314982090734, 0.714361021334586, 0.711488172518255, 0.690765908860713, 0.743172380136829, 0.707703746673665, 1, 0.748098579228935, 0.784467279909395, 0.696732594863862, 0.696698065430973, 0.586735633453956, 0.565631244072447, 0.565755550030846, 0.590501643601006, 0.590883769324973, 0.725228584845723, 0.719556550003223, 0.724963859193577, 0.725101976925131, 0.690641602902314, 0.714413966465015, 0.881950774840474, 0.703470438201523, 0.663094021343793, 0.732030883124776, 0.747810833954863, 0.695825621759988, 0.687375118551053, 0.692391094168669, 0.690777418671676, 0.801170317578704, 0.809731314972883, 0.998222885187334, 0.804254946916752, 0.875008056867674, 0.818508696813164, 0.818345257497491, 0.749673121368655, 0.706881946170916, 0.565691095089454, 0.605515041020966, 0.565645055845603, 0.646800732944762, 0.672161450420338, 0.724411388267359, 0.71427584873346, 0.886494848208613, 0.750628435678572, 0.809494212867048, 0.700820879717872, 0.717378893769049, 0.704306050477427, 0.902339253980093, 0.721363590324393, 0.714305774241964, 0.747852269274329, 0.707655405467621, 0.740046315479315, 0.768464038746628, 0.737012329309503, 0.772662817785881, 0.731209082622027, 0.796027734040496, 0.724915517987533, 0.729547065918989, 0.690860289310608, 0.754173457455135, 0.856868594790199, 0.737686804231927, 0.998287340128726, 0.785774794434776, 0.565502334189663, 0.707763597690672, 0.900244468384851, 0.725037521983739, 0.748098579228935, 0.762490446856901, 0.725203263261604, 0.747981179157113, 0.727369409684815, 0.743738662836202, 0.696582967321345, 0.700949789600656, 0.900152389897148
0.711202729206376, 0.681822785742567, 0.732148283196597, 0.697826026905334, 0.67900748598105, 0.678883180022651, 0.672941815603621, 0.726543005257682, 0.700510114821874, 0.700629816855888, 0.809240997025865, 0.665860979899266, 0.738188631989908, 0.696500096682412, 0.748098579228935, 1, 0.880751452538143, 0.665340736443745, 0.665149673581761, 0.571660083054796, 0.550633960387835, 0.550919403699714, 0.574910453670709, 0.575209708755743, 0.711745992283823, 0.822866311243704, 0.713437934495364, 0.713557636529378, 0.658006684898207, 0.700733405154554, 0.720447409371748, 0.687234698857306, 0.646411701334217, 0.718115521670672, 0.997778606484167, 0.663535998084767, 0.671401802896789, 0.669760503853485, 0.66591852895408, 0.746933786359493, 0.86745301695165, 0.748374814692043, 0.747546108302717, 0.754092888778395, 0.734507794443984, 0.73446866108671, 0.757805953795015, 0.699651482924044, 0.550831929136396, 0.589914643241899, 0.550813513438855, 0.628014419491174, 0.652348461828863, 0.719266502766959, 0.700576871725459, 0.76262396066407, 0.712901577304494, 0.778309531044262, 0.682683719602589, 0.702602598454923, 0.673231862839885, 0.722420190970783, 0.836910582580592, 0.700546946216955, 0.997599053433146, 0.690429822380597, 0.72655911899303, 0.728011657136543, 0.719234275296262, 0.840591420126516, 0.869789508577111, 0.767674465714575, 0.713412612911246, 0.71385458965222, 0.665936944651621, 0.727044833015663, 0.714471515519829, 0.719766028562747, 0.748089371380164, 0.798810806331317, 0.550781285968159, 0.690956971722696, 0.765485299669438, 0.713553032604992, 0.997661206412346, 0.948307137003582, 0.713774020975479, 0.997760190786626, 0.720083699345322, 0.726973472187693, 0.66511284218668, 0.675299024888815, 0.765425448652431
0.710459195418174, 0.689987845639623, 0.732422216697513, 0.715677743708737, 0.688139369998987, 0.688084122906365, 0.688137068036795, 0.73618592488237, 0.717284513319153, 0.71750550168964, 0.760211504286254, 0.677870316657919, 0.741607045845879, 0.701750872443671, 0.784467279909395, 0.880751452538143, 1, 0.680227525943114, 0.680077898400597, 0.578655746158025, 0.556589136580021, 0.556805521026123, 0.58118330064547, 0.581408892940342, 0.718663388672504, 0.775715219653232, 0.720254044547572, 0.720382954430356, 0.673717576862518, 0.717558446820069, 0.746811782363286, 0.695105107593713, 0.652818062116148, 0.725028314134969, 0.880574201449315, 0.677778238170216, 0.678507960185262, 0.681051628408055, 0.677923261788348, 0.784789554616355, 0.87811800778984, 0.784757327145659, 0.815170851633933, 0.779375339539423, 0.778007973997035, 0.777955028866606, 0.757716177269505, 0.705468541384676, 0.556690422916494, 0.596344023645756, 0.556690422916494, 0.634752262828835, 0.657456515934182, 0.725332173144388, 0.717378893769049, 0.804268758689907, 0.735656473578078, 0.77815529957736, 0.693795291106139, 0.721411931530437, 0.688252166146423, 0.751836965829673, 0.845117077797114, 0.717330552563005, 0.880588013222471, 0.698935572682154, 0.731611926005727, 0.739703323112621, 0.725916871541302, 0.812256567498135, 0.804526578455475, 0.778509801755016, 0.720288573980461, 0.720721342872665, 0.677923261788348, 0.782828282828283, 0.738230067309374, 0.726715652422125, 0.784476487758165, 0.796267138108524, 0.556639779748257, 0.700834691491027, 0.806034363691611, 0.720405974052282, 0.880797491781995, 0.859370827693526, 0.720631566347154, 0.880675487785789, 0.723327164074657, 0.73247285986575, 0.680077898400597, 0.688560629080228, 0.805974512674604
0.738743404878318, 0.779149747244551, 0.70621437713507, 0.75151238916052, 0.760653481027228, 0.760644273178457, 0.765411636879276, 0.700397318674438, 0.735071775181164, 0.735140834046942, 0.717374289844664, 0.776659024152187, 0.714450797860096, 0.750568584661566, 0.696732594863862, 0.665340736443745, 0.680227525943114, 1, 0.997483955323518, 0.584389933979724, 0.562235849838402, 0.56246604605766, 0.587382484830069, 0.587585057503016, 0.718826827988177, 0.736795944863402, 0.695671390293086, 0.69580950802464, 0.86179939780669, 0.735161551706675, 0.745810428809517, 0.76403736545031, 0.697542885555648, 0.728492767234791, 0.664988536228281, 0.921696454057439, 0.690319328195354, 0.856435825897995, 0.776684345736306, 0.698569560693535, 0.710109297164903, 0.696939771461194, 0.69223916466396, 0.696930563612423, 0.694591770024769, 0.694432934633482, 0.713055808771397, 0.768958960618031, 0.562424610738193, 0.604467648223346, 0.562337136174875, 0.65533410679263, 0.777773173853393, 0.729666767953003, 0.735064869294587, 0.692906733699806, 0.717860003867297, 0.685535850759187, 0.742760328904358, 0.753172103901366, 0.816542821100706, 0.692071121423902, 0.772409601944698, 0.735030339861698, 0.66511284218668, 0.772503982394593, 0.70573096507463, 0.723352485658776, 0.710961023176155, 0.696714179166321, 0.717717282211357, 0.692091839083635, 0.695632256935812, 0.717238474075302, 0.776762612450853, 0.711280995920923, 0.729061351896356, 0.726980378074271, 0.696700367393166, 0.672944117565813, 0.562249661611558, 0.774817454398129, 0.694078432455825, 0.695712825612552, 0.66534534036813, 0.684051085144978, 0.695924606134269, 0.665172693203687, 0.69618472786203, 0.701444711472059, 0.997212323784794, 0.793665920830916, 0.694124471699677
0.738630608730882, 0.779059970719041, 0.706055541743782, 0.751367365542388, 0.760559100577332, 0.760540684879792, 0.765340276051306, 0.700335165695239, 0.735009622201965, 0.735055661445816, 0.717215454453376, 0.776601475097373, 0.714351813485815, 0.7504649963629, 0.696698065430973, 0.665149673581761, 0.680077898400597, 0.997483955323518, 1, 0.584327781000525, 0.562173696859203, 0.56241310092723, 0.587246669060707, 0.587458449582424, 0.718760071084593, 0.736618693774573, 0.695586217691961, 0.69571973149913, 0.861737244827491, 0.73508558695432, 0.745762087603473, 0.763896945756563, 0.697531375744685, 0.728366159314199, 0.664797473366297, 0.921698756019631, 0.690312422308776, 0.85648416710404, 0.776603777059566, 0.698470576319255, 0.70993665000046, 0.69690984595269, 0.692149388138449, 0.696863806708839, 0.694497389574874, 0.694338554183586, 0.712850934136258, 0.768873788016906, 0.562385477380919, 0.604377871697835, 0.562298002817602, 0.655341012679208, 0.777646565932801, 0.729586199276263, 0.734965884920306, 0.69279393755237, 0.717793246963712, 0.685427658536136, 0.742578473891145, 0.752999456736923, 0.816540519138514, 0.691976740974006, 0.77224155870464, 0.734949771184958, 0.664903363627156, 0.772368166625231, 0.705627376775964, 0.723327164074657, 0.710820603482408, 0.696573759472574, 0.717549238971299, 0.692011270406895, 0.695560896107842, 0.717121074003481, 0.776640608454647, 0.711126764454021, 0.728971575370846, 0.72688139369999, 0.696665837960277, 0.672854341040303, 0.562215132178669, 0.774759905343315, 0.69398405200593, 0.695636860860197, 0.665163485354917, 0.68389224975369, 0.695857849230684, 0.664977026417318, 0.696076535638979, 0.701308895702697, 0.997311308159075, 0.793672826717494, 0.694020883401011
0.585506385643122, 0.5967330552563, 0.58520022467151, 0.597087557433957, 0.606366767032218, 0.606481865141847, 0.608772317523457, 0.576583980184709, 0.573142546706813, 0.573147150631198, 0.582608215242673, 0.586185464489931, 0.605245711444435, 0.596139149010617, 0.586735633453956, 0.571660083054796, 0.578655746158025, 0.584389933979724, 0.584327781000525, 1, 0.887820778431535, 0.888152260987266, 0.82738045910334, 0.827790208373618, 0.596403874662763, 0.572072134287266, 0.575568814857785, 0.575601042328481, 0.589237866357283, 0.573158660442161, 0.588577203208015, 0.622623224036168, 0.633055716692909, 0.591700965903336, 0.571602533999982, 0.585697448505106, 0.631890923823467, 0.582557572074436, 0.586123311510732, 0.578439361711923, 0.580527241420587, 0.586878355109896, 0.580161229431968, 0.580943896577443, 0.583015662550758, 0.582985737042255, 0.587626492822482, 0.597154314337541, 0.888124637440955, 0.904998020312514, 0.887981915785015, 0.656406821174369, 0.624936696039704, 0.580209570638012, 0.573154056517776, 0.583641796267138, 0.584627036085559, 0.58023489222213, 0.587695551688259, 0.58149636750366, 0.595531430991777, 0.600291888806018, 0.579767593897038, 0.573082695689806, 0.571694612487684, 0.595119379759307, 0.579426903492537, 0.588135226467041, 0.577368949292377, 0.586758653075882, 0.584557977219782, 0.586339695956834, 0.575561908971207, 0.583443827518577, 0.58622920177159, 0.586919790429362, 0.58544193070173, 0.590856145778662, 0.586781672697808, 0.580409841348766, 0.887991123633785, 0.590628251521597, 0.584804287174387, 0.5755642109334, 0.571747557618114, 0.579928731250518, 0.575647081572332, 0.571620949697522, 0.574429343572461, 0.576701380256531, 0.584355404546836, 0.589399003710763, 0.584739832232995
0.563743635074538, 0.575964752354907, 0.563773560583041, 0.576719795954071, 0.585013765733912, 0.585087428524074, 0.587727779158955, 0.555649936005451, 0.552144047586162, 0.552107216191081, 0.56106184912019, 0.564482564938353, 0.586107197775384, 0.574555951493053, 0.565631244072447, 0.550633960387835, 0.556589136580021, 0.562235849838402, 0.562173696859203, 0.887820778431535, 1, 0.993609752953417, 0.856039888400873, 0.856210233603123, 0.573886080495014, 0.550696113367034, 0.554335515593492, 0.554353931291032, 0.567465907939928, 0.552146349548355, 0.567956225886946, 0.604833660211965, 0.614308536596595, 0.570472270563428, 0.550544183862324, 0.563718313490419, 0.612513006086388, 0.560698139093764, 0.564392788412843, 0.557063340791691, 0.558419196523116, 0.565755550030846, 0.558840455604357, 0.55971980516192, 0.561008903989761, 0.56105264127142, 0.566001859985452, 0.575598740366288, 0.993895196265297, 0.79868880233511, 0.993720247138661, 0.640182591641115, 0.605379225251604, 0.55900389492003, 0.552137141699585, 0.562560426507555, 0.563066858189921, 0.559287036269716, 0.566287303297331, 0.560286087861293, 0.574859810502472, 0.580435162932884, 0.557024207434417, 0.552065780871615, 0.550617846652487, 0.574097861016731, 0.559211071517361, 0.566100844359732, 0.557028811358802, 0.566133071830428, 0.564015266613261, 0.565378028231264, 0.55434242148007, 0.561782363286465, 0.564429619807924, 0.565341196836183, 0.564204027513052, 0.56950774840474, 0.565599016601751, 0.559669161993683, 0.993821533475134, 0.569602128854636, 0.563515740817473, 0.554312495971566, 0.550661583934145, 0.558677016288684, 0.554404574459269, 0.550534976013554, 0.553909652587866, 0.55538981427769, 0.562173696859203, 0.568064418109997, 0.563520344741858
0.564052098008342, 0.576296234910638, 0.563861035146359, 0.576913160778247, 0.585248565877554, 0.585303812970176, 0.587911936134361, 0.555829489056472, 0.552480134066278, 0.552457114444352, 0.56122298647367, 0.56467592976253, 0.586240711582553, 0.574799959485465, 0.565755550030846, 0.550919403699714, 0.556805521026123, 0.56246604605766, 0.56241310092723, 0.888152260987266, 0.993609752953417, 1, 0.855993849157021, 0.856316123863982, 0.574208355201974, 0.550981556678913, 0.554556503963979, 0.55458412751029, 0.567613233520253, 0.552487039952856, 0.568140382862352, 0.605100687826303, 0.614644623076711, 0.570766921724078, 0.550802003627892, 0.563953113634062, 0.61274780623003, 0.56090071176671, 0.564586153237019, 0.557293537010948, 0.55870924375938, 0.565879855989245, 0.559089067521155, 0.559940793532407, 0.561234496284633, 0.561282837490677, 0.566162997338932, 0.57580591696362, 0.993665000046039, 0.799052512361537, 0.993453219524323, 0.640472638877379, 0.605673876412254, 0.559270922534368, 0.552491643877241, 0.56271695993665, 0.563283242636023, 0.559489608942663, 0.56657274660921, 0.560484056609854, 0.575182085209432, 0.580559468891283, 0.557295838973141, 0.552397263427346, 0.550912497813136, 0.574461571043157, 0.559450475585389, 0.566294209183908, 0.55725900757806, 0.566372475898456, 0.564374372715303, 0.565585204828596, 0.554568013774942, 0.562012559505723, 0.564646004254026, 0.565511542038434, 0.564365164866532, 0.569774776019079, 0.565746342182076, 0.559853318969089, 0.993651188272884, 0.56990138393967, 0.563732125263575, 0.554538088266438, 0.55095163117041, 0.558939439978638, 0.554643978527297, 0.550848042871744, 0.554116829185197, 0.555643030118873, 0.56241310092723, 0.568414316363268, 0.56373672918796
